    0.00    6.65        15:03:58:671   0   0
    0.20    6.65        15:03:58:871   0   0
    0.40    6.66        15:03:59:071   0   0
    0.60    6.67        15:03:59:271   0   0
    0.80    6.67        15:03:59:471   0   0
    1.00    6.66        15:03:59:671   0   0
    1.20    6.65        15:03:59:871   0   0
    1.40    6.65        15:04:00:071   0   0
    1.60    6.64        15:04:00:271   0   0
    1.80    6.63        15:04:00:471   0   0
    2.00    6.63        15:04:00:671   0   0
    2.20    6.63        15:04:00:871   0   0
    2.40    6.62        15:04:01:071   0   0
    2.60    6.63        15:04:01:271   0   0
    2.80    6.66        15:04:01:471   0   0
    3.00    6.72        15:04:01:671   0   0
    3.20    6.84        15:04:01:871   0   0
    3.40    7.00        15:04:02:071   0   0
    3.60    7.13        15:04:02:271   0   0
    3.80    7.21        15:04:02:471   0   0
    4.00    7.27        15:04:02:671   0   0
    4.20    7.27        15:04:02:871   0   0
    4.40    7.22        15:04:03:071   0   0
    4.60    7.18        15:04:03:271   0   0
    4.80    7.15        15:04:03:471   0   0
    5.00    7.11        15:04:03:671   0   0
    5.20    7.07        15:04:03:871   0   0
    5.40    7.05        15:04:04:071   0   0
    5.60    7.03        15:04:04:271   0   0
    5.80    7.00        15:04:04:471   0   0
    6.00    6.98        15:04:04:671   0   0
    6.20    6.98        15:04:04:871   0   0
    6.40    7.03        15:04:05:071   0   0
    6.60    7.11        15:04:05:271   1   0
    6.80    7.20        15:04:05:471   1   0
    7.00    7.27        15:04:05:671   1   0
    7.20    7.34        15:04:05:871   1   0
    7.40    7.40        15:04:06:071   1   0
    7.60    7.47        15:04:06:271   1   0
    7.80    7.51        15:04:06:471   1   1
    8.00    7.52        15:04:06:671   1   1
    8.20    7.48        15:04:06:871   1   1
    8.40    7.42        15:04:07:071   1   1
    8.60    7.38        15:04:07:271   1   1
    8.80    7.35        15:04:07:471   1   1
    9.00    7.30        15:04:07:671   1   1
    9.20    7.27        15:04:07:871   1   1
    9.40    7.26        15:04:08:071   1   1
    9.60    7.28        15:04:08:271   1   1
    9.80    7.32        15:04:08:471   1   1
   10.00    7.35        15:04:08:671   1   1
   10.20    7.37        15:04:08:871   1   1
   10.40    7.37        15:04:09:071   1   1
   10.60    7.36        15:04:09:271   1   1
   10.80    7.36        15:04:09:471   1   1
   11.00    7.43        15:04:09:671   1   1
   11.20    7.59        15:04:09:871   1   1
   11.40    7.81        15:04:10:071   1   1
   11.60    8.04        15:04:10:271   1   2
   11.80    8.21        15:04:10:471   1   2
   12.00    8.32        15:04:10:671   1   2
   12.20    8.41        15:04:10:871   1   2
   12.40    8.51        15:04:11:071   1   2
   12.60    8.58        15:04:11:271   1   2
   12.80    8.65        15:04:11:471   1   2
   13.00    8.72        15:04:11:671   1   2
   13.20    8.74        15:04:11:871   1   2
   13.40    8.73        15:04:12:071   1   2
   13.60    8.71        15:04:12:271   1   2
   13.80    8.66        15:04:12:471   1   2
   14.00    8.62        15:04:12:671   1   2
   14.20    8.60        15:04:12:871   1   2
   14.40    8.58        15:04:13:071   1   2
   14.60    8.56        15:04:13:271   1   2
   14.80    8.57        15:04:13:471   1   2
   15.00    8.62        15:04:13:671   1   2
   15.20    8.65        15:04:13:871   1   2
   15.40    8.65        15:04:14:071   1   2
   15.60    8.64        15:04:14:271   1   2
   15.80    8.60        15:04:14:471   1   2
   16.00    8.58        15:04:14:671   1   2
   16.20    8.57        15:04:14:871   1   2
   16.40    8.54        15:04:15:071   1   2
   16.60    8.53        15:04:15:271   1   2
   16.80    8.54        15:04:15:471   1   3
   17.00    8.55        15:04:15:671   1   3
   17.20    8.53        15:04:15:871   1   3
   17.40    8.50        15:04:16:071   1   3
   17.60    8.48        15:04:16:271   1   3
   17.80    8.53        15:04:16:471   1   3
   18.00    8.65        15:04:16:671   1   3
   18.20    8.79        15:04:16:871   1   3
   18.40    8.92        15:04:17:071   1   3
   18.60    8.99        15:04:17:271   1   3
   18.80    9.00        15:04:17:471   1   3
   19.00    8.97        15:04:17:671   1   3
   19.20    8.93        15:04:17:871   1   3
   19.40    8.94        15:04:18:071   1   3
   19.60    9.01        15:04:18:271   1   3
   19.80    9.10        15:04:18:471   1   3
   20.00    9.14        15:04:18:671   1   3
   20.20    9.11        15:04:18:871   1   3
   20.40    9.04        15:04:19:071   1   3
   20.60    8.96        15:04:19:271   1   3
   20.80    8.90        15:04:19:471   1   3
   21.00    8.85        15:04:19:671   1   3
   21.20    8.79        15:04:19:871   1   3
   21.40    8.75        15:04:20:071   1   3
   21.60    8.75        15:04:20:271   1   3
   21.80    8.79        15:04:20:471   1   3
   22.00    8.83        15:04:20:671   1   3
   22.20    8.85        15:04:20:871   1   3
   22.40    8.86        15:04:21:071   1   4
   22.60    8.83        15:04:21:271   1   4
   22.80    8.79        15:04:21:471   1   4
   23.00    8.74        15:04:21:671   1   4
   23.20    8.70        15:04:21:871   1   4
   23.40    8.67        15:04:22:071   1   4
   23.60    8.65        15:04:22:271   1   5
   23.80    8.63        15:04:22:471   1   5
   24.00    8.63        15:04:22:671   1   5
   24.20    8.63        15:04:22:871   1   5
   24.40    8.67        15:04:23:071   1   5
   24.60    8.78        15:04:23:271   1   5
   24.80    8.93        15:04:23:471   1   5
   25.00    9.02        15:04:23:671   1   5
   25.20    9.06        15:04:23:871   1   5
   25.40    9.05        15:04:24:071   1   5
   25.60    9.01        15:04:24:271   1   5
   25.80    8.95        15:04:24:471   1   5
   26.00    8.90        15:04:24:671   1   5
   26.20    8.87        15:04:24:871   1   5
   26.40    8.83        15:04:25:071   1   5
   26.60    8.78        15:04:25:271   1   5
   26.80    8.75        15:04:25:471   1   5
   27.00    8.72        15:04:25:671   1   5
   27.20    8.67        15:04:25:871   1   5
   27.40    8.63        15:04:26:071   1   5
   27.60    8.61        15:04:26:271   1   5
   27.80    8.59        15:04:26:471   1   5
   28.00    8.57        15:04:26:671   1   5
   28.20    8.56        15:04:26:871   1   5
   28.40    8.54        15:04:27:071   1   5
   28.60    8.49        15:04:27:271   1   5
   28.80    8.45        15:04:27:471   1   5
   29.00    8.44        15:04:27:671   1   5
   29.20    8.41        15:04:27:871   1   5
   29.40    8.40        15:04:28:071   1   5
   29.60    8.38        15:04:28:271   0   5
   29.80    8.41        15:04:28:471   0   5
   30.00    8.55        15:04:28:671   0   5
   30.20    8.85        15:04:28:871   0   5
   30.40    9.17        15:04:29:071   0   5
   30.60    9.37        15:04:29:271   0   5
   30.80    9.47        15:04:29:471   0   5
   31.00    9.48        15:04:29:671   0   5
   31.20    9.41        15:04:29:871   0   5
   31.40    9.32        15:04:30:071   0   5
   31.60    9.22        15:04:30:271   0   5
   31.80    9.14        15:04:30:471   0   5
   32.00    9.05        15:04:30:671   0   5
   32.20    8.98        15:04:30:871   0   5
   32.40    8.94        15:04:31:071   0   5
   32.60    8.89        15:04:31:271   0   5
   32.80    8.87        15:04:31:471   0   5
   33.00    8.86        15:04:31:671   0   5
   33.20    8.82        15:04:31:871   0   5
   33.40    8.79        15:04:32:071   0   5
   33.60    8.77        15:04:32:271   1   5
   33.80    8.74        15:04:32:471   1   5
   34.00    8.70        15:04:32:671   1   5
   34.20    8.69        15:04:32:871   1   5
   34.40    8.68        15:04:33:071   1   5
   34.60    8.67        15:04:33:271   1   6
   34.80    8.66        15:04:33:471   1   6
   35.00    8.65        15:04:33:671   1   6
   35.20    8.65        15:04:33:871   1   6
   35.40    8.62        15:04:34:071   1   6
   35.60    8.61        15:04:34:271   0   6
   35.80    8.62        15:04:34:471   0   6
   36.00    8.65        15:04:34:671   0   6
   36.20    8.65        15:04:34:871   0   6
   36.40    8.66        15:04:35:071   0   6
   36.60    8.66        15:04:35:271   0   6
   36.80    8.63        15:04:35:471   0   6
   37.00    8.60        15:04:35:671   0   6
   37.20    8.57        15:04:35:871   0   6
   37.40    8.55        15:04:36:071   0   6
   37.60    8.52        15:04:36:271   0   6
   37.80    8.49        15:04:36:471   0   6
   38.00    8.47        15:04:36:671   0   6
   38.20    8.46        15:04:36:871   0   6
   38.40    8.43        15:04:37:071   0   6
   38.60    8.41        15:04:37:271   0   6
   38.80    8.40        15:04:37:471   0   6
   39.00    8.40        15:04:37:671   0   6
   39.20    8.38        15:04:37:871   0   6
   39.40    8.37        15:04:38:071   0   6
   39.60    8.36        15:04:38:271   0   6
   39.80    8.36        15:04:38:471   0   6
   40.00    8.36        15:04:38:671   0   6
   40.20    8.41        15:04:38:871   0   6
   40.40    8.50        15:04:39:071   0   6
   40.60    8.58        15:04:39:271   0   6
   40.80    8.60        15:04:39:471   0   6
   41.00    8.61        15:04:39:671   0   6
   41.20    8.59        15:04:39:871   0   6
   41.40    8.56        15:04:40:071   0   6
   41.60    8.50        15:04:40:271   0   6
   41.80    8.45        15:04:40:471   0   6
   42.00    8.42        15:04:40:671   0   6
   42.20    8.39        15:04:40:871   0   6
   42.40    8.35        15:04:41:071   0   6
   42.60    8.33        15:04:41:271   0   6
   42.80    8.31        15:04:41:471   0   6
   43.00    8.29        15:04:41:671   0   6
   43.20    8.27        15:04:41:871   0   6
   43.40    8.25        15:04:42:071   0   6
   43.60    8.25        15:04:42:271   0   6
   43.80    8.23        15:04:42:471   0   6
   44.00    8.21        15:04:42:671   0   6
   44.20    8.20        15:04:42:871   1   6
   44.40    8.19        15:04:43:071   1   6
   44.60    8.17        15:04:43:271   0   7
   44.80    8.15        15:04:43:471   0   7
   45.00    8.15        15:04:43:671   0   7
   45.20    8.14        15:04:43:871   0   7
   45.40    8.12        15:04:44:071   0   7
   45.60    8.11        15:04:44:271   0   7
   45.80    8.10        15:04:44:471   0   7
   46.00    8.09        15:04:44:671   0   7
   46.20    8.09        15:04:44:871   0   7
   46.40    8.08        15:04:45:071   0   7
   46.60    8.08        15:04:45:271   0   7
   46.80    8.09        15:04:45:471   0   7
   47.00    8.09        15:04:45:671   0   7
   47.20    8.07        15:04:45:871   0   7
   47.40    8.06        15:04:46:071   0   7
   47.60    8.05        15:04:46:271   0   7
   47.80    8.04        15:04:46:471   0   7
   48.00    8.02        15:04:46:671   0   7
   48.20    8.00        15:04:46:871   0   7
   48.40    8.00        15:04:47:071   0   7
   48.60    7.99        15:04:47:271   0   7
   48.80    7.97        15:04:47:471   0   7
   49.00    7.96        15:04:47:671   0   7
   49.20    7.95        15:04:47:871   0   7
   49.40    7.95        15:04:48:071   0   7
   49.60    7.93        15:04:48:271   0   7
   49.80    7.92        15:04:48:471   0   7
   50.00    7.91        15:04:48:671   0   7
   50.20    7.91        15:04:48:871   0   7
   50.40    7.89        15:04:49:071   0   7
   50.60    7.88        15:04:49:271   0   7
   50.80    7.87        15:04:49:471   0   7
   51.00    7.87        15:04:49:671   0   7
   51.20    7.85        15:04:49:871   0   7
   51.40    7.84        15:04:50:071   0   7
   51.60    7.83        15:04:50:271   0   7
   51.80    7.83        15:04:50:471   0   7
   52.00    7.81        15:04:50:671   0   7
   52.20    7.80        15:04:50:871   0   7
   52.40    7.79        15:04:51:071   0   7
   52.60    7.78        15:04:51:271   0   7
   52.80    7.77        15:04:51:471   0   7
   53.00    7.77        15:04:51:671   0   7
   53.20    7.77        15:04:51:871   0   7
   53.40    7.78        15:04:52:071   0   7
   53.60    7.77        15:04:52:271   0   7
   53.80    7.76        15:04:52:471   0   7
   54.00    7.76        15:04:52:671   0   7
   54.20    7.75        15:04:52:871   0   7
   54.40    7.73        15:04:53:071   0   7
   54.60    7.72        15:04:53:271   0   7
   54.80    7.72        15:04:53:471   0   7
   55.00    7.72        15:04:53:671   0   7
   55.20    7.71        15:04:53:871   0   7
   55.40    7.71        15:04:54:071   0   7
   55.60    7.71        15:04:54:271   0   7
   55.80    7.69        15:04:54:471   0   7
   56.00    7.68        15:04:54:671   0   7
   56.20    7.67        15:04:54:871   0   7
   56.40    7.66        15:04:55:071   0   7
   56.60    7.64        15:04:55:271   0   7
   56.80    7.62        15:04:55:471   0   7
   57.00    7.62        15:04:55:671   0   7
   57.20    7.61        15:04:55:871   0   7
   57.40    7.59        15:04:56:071   0   7
   57.60    7.58        15:04:56:271   0   7
   57.80    7.58        15:04:56:471   0   7
   58.00    7.57        15:04:56:671   0   7
   58.20    7.56        15:04:56:871   0   7
   58.40    7.56        15:04:57:071   0   7
   58.60    7.56        15:04:57:271   0   7
   58.80    7.55        15:04:57:471   0   7
   59.00    7.55        15:04:57:671   0   7
   59.20    7.57        15:04:57:871   0   7
   59.40    7.62        15:04:58:071   0   7
   59.60    7.68        15:04:58:271   0   7
   59.80    7.73        15:04:58:471   0   7
   60.00    7.78        15:04:58:671   0   7
   60.20    7.80        15:04:58:871   0   7
   60.40    7.83        15:04:59:071   0   7
   60.60    7.87        15:04:59:271   0   7
   60.80    7.91        15:04:59:471   0   7
   61.00    7.91        15:04:59:671   0   7
   61.20    7.89        15:04:59:871   0   7
   61.40    7.88        15:05:00:071   0   7
   61.60    7.89        15:05:00:271   0   7
   61.80    7.88        15:05:00:471   0   7
   62.00    7.86        15:05:00:671   0   7
   62.20    7.84        15:05:00:871   0   7
   62.40    7.82        15:05:01:071   0   7
   62.60    7.80        15:05:01:271   0   7
   62.80    7.77        15:05:01:471   0   7
   63.00    7.75        15:05:01:671   0   7
   63.20    7.75        15:05:01:871   1   7
   63.40    7.72        15:05:02:071   1   7
   63.60    7.70        15:05:02:271   1   7
   63.80    7.68        15:05:02:471   1   7
   64.00    7.67        15:05:02:671   1   7
   64.20    7.65        15:05:02:871   1   7
   64.40    7.64        15:05:03:071   1   7
   64.60    7.62        15:05:03:271   1   8
   64.80    7.62        15:05:03:471   1   8
   65.00    7.60        15:05:03:671   1   8
   65.20    7.59        15:05:03:871   1   8
   65.40    7.58        15:05:04:071   1   8
   65.60    7.58        15:05:04:271   1   8
   65.80    7.56        15:05:04:471   1   8
   66.00    7.55        15:05:04:671   1   8
   66.20    7.55        15:05:04:871   1   8
   66.40    7.54        15:05:05:071   1   8
   66.60    7.53        15:05:05:271   0   8
   66.80    7.52        15:05:05:471   0   8
   67.00    7.51        15:05:05:671   0   8
   67.20    7.51        15:05:05:871   0   8
   67.40    7.49        15:05:06:071   0   8
   67.60    7.49        15:05:06:271   0   8
   67.80    7.48        15:05:06:471   0   8
   68.00    7.48        15:05:06:671   0   7
   68.20    7.46        15:05:06:871   0   7
   68.40    7.46        15:05:07:071   0   7
   68.60    7.45        15:05:07:271   0   7
   68.80    7.45        15:05:07:471   0   7
   69.00    7.43        15:05:07:671   0   7
   69.20    7.43        15:05:07:871   0   7
   69.40    7.42        15:05:08:071   0   7
   69.60    7.41        15:05:08:271   0   7
   69.80    7.40        15:05:08:471   0   7
   70.00    7.40        15:05:08:671   0   7
   70.20    7.39        15:05:08:871   0   7
   70.40    7.38        15:05:09:071   0   7
   70.60    7.37        15:05:09:271   0   7
   70.80    7.36        15:05:09:471   0   7
   71.00    7.36        15:05:09:671   0   7
   71.20    7.35        15:05:09:871   0   7
   71.40    7.34        15:05:10:071   0   7
   71.60    7.33        15:05:10:271   0   7
   71.80    7.33        15:05:10:471   0   6
   72.00    7.32        15:05:10:671   0   6
   72.20    7.31        15:05:10:871   0   6
   72.40    7.32        15:05:11:071   0   6
   72.60    7.33        15:05:11:271   0   6
   72.80    7.35        15:05:11:471   0   6
   73.00    7.35        15:05:11:671   0   6
   73.20    7.36        15:05:11:871   0   6
   73.40    7.37        15:05:12:071   0   6
   73.60    7.37        15:05:12:271   0   6
   73.80    7.35        15:05:12:471   0   6
   74.00    7.33        15:05:12:671   0   6
   74.20    7.32        15:05:12:871   0   6
   74.40    7.31        15:05:13:071   0   6
   74.60    7.30        15:05:13:271   0   6
   74.80    7.28        15:05:13:471   0   6
   75.00    7.27        15:05:13:671   0   6
   75.20    7.26        15:05:13:871   0   6
   75.40    7.25        15:05:14:071   0   6
   75.60    7.24        15:05:14:271   0   6
   75.80    7.23        15:05:14:471   0   6
   76.00    7.23        15:05:14:671   0   6
   76.20    7.22        15:05:14:871   0   6
   76.40    7.21        15:05:15:071   0   6
   76.60    7.20        15:05:15:271   0   6
   76.80    7.20        15:05:15:471   0   6
   77.00    7.20        15:05:15:671   0   5
   77.20    7.19        15:05:15:871   0   5
   77.40    7.19        15:05:16:071   0   5
   77.60    7.19        15:05:16:271   0   5
   77.80    7.18        15:05:16:471   0   5
   78.00    7.18        15:05:16:671   0   5
   78.20    7.20        15:05:16:871   0   5
   78.40    7.27        15:05:17:071   0   5
   78.60    7.27        15:05:17:271   0   5
   78.80    7.65        15:05:17:471   0   5
   79.00    7.91        15:05:17:671   0   5
   79.20    7.91        15:05:17:871   0   5
   79.40    8.29        15:05:18:071   0   5
   79.60    8.29        15:05:18:271   0   5
   79.80    8.49        15:05:18:471   0   5
   80.00    8.51        15:05:18:671   0   5
   80.20    8.51        15:05:18:871   0   5
   80.40    8.41        15:05:19:071   0   5
   80.60    8.31        15:05:19:271   0   5
   80.80    8.31        15:05:19:471   0   5
   81.00    8.17        15:05:19:671   0   5
   81.20    8.17        15:05:19:871   0   5
   81.40    8.11        15:05:20:071   0   5
   81.60    8.06        15:05:20:271   0   5
   81.80    8.06        15:05:20:471   0   5
   82.00    8.00        15:05:20:671   0   5
   82.20    8.00        15:05:20:871   0   5
   82.40    7.97        15:05:21:071   0   5
   82.60    7.94        15:05:21:271   0   4
   82.80    7.94        15:05:21:471   0   4
   83.00    7.93        15:05:21:671   0   4
   83.20    7.95        15:05:21:871   0   4
   83.40    7.96        15:05:22:071   0   4
   83.60    7.94        15:05:22:271   0   4
   83.80    7.94        15:05:22:471   0   3
   84.00    7.92        15:05:22:671   0   3
   84.20    7.90        15:05:22:871   0   3
   84.40    7.90        15:05:23:071   0   3
   84.60    7.87        15:05:23:271   0   3
   84.80    7.85        15:05:23:471   0   3
   85.00    7.84        15:05:23:671   0   3
   85.20    7.81        15:05:23:871   0   3
   85.40    7.81        15:05:24:071   0   3
   85.60    7.78        15:05:24:271   0   3
   85.80    7.77        15:05:24:471   0   3
   86.00    7.75        15:05:24:671   0   3
   86.20    7.74        15:05:24:871   0   3
   86.40    7.73        15:05:25:071   0   3
   86.60    7.72        15:05:25:271   0   3
   86.80    7.73        15:05:25:471   0   3
   87.00    7.73        15:05:25:671   0   3
   87.20    7.73        15:05:25:871   0   3
   87.40    7.73        15:05:26:071   0   3
   87.60    7.71        15:05:26:271   0   3
   87.80    7.71        15:05:26:471   0   3
   88.00    7.70        15:05:26:671   0   3
   88.20    7.70        15:05:26:871   0   3
   88.40    7.69        15:05:27:071   0   3
   88.60    7.68        15:05:27:271   0   3
   88.80    7.67        15:05:27:471   0   3
   89.00    7.67        15:05:27:671   0   3
   89.20    7.66        15:05:27:871   0   3
   89.40    7.66        15:05:28:071   0   3
   89.60    7.65        15:05:28:271   0   3
   89.80    7.64        15:05:28:471   0   3
   90.00    7.63        15:05:28:671   0   3
   90.20    7.63        15:05:28:871   0   3
   90.40    7.61        15:05:29:071   0   3
   90.60    7.60        15:05:29:271   0   3
   90.80    7.59        15:05:29:471   0   3
   91.00    7.58        15:05:29:671   0   3
   91.20    7.58        15:05:29:871   0   3
   91.40    7.56        15:05:30:071   0   3
   91.60    7.55        15:05:30:271   0   3
   91.80    7.55        15:05:30:471   0   3
   92.00    7.54        15:05:30:671   0   3
   92.20    7.53        15:05:30:871   0   3
   92.40    7.53        15:05:31:071   0   3
   92.60    7.52        15:05:31:271   0   3
   92.80    7.51        15:05:31:471   0   3
   93.00    7.50        15:05:31:671   0   3
   93.20    7.49        15:05:31:871   0   3
   93.40    7.48        15:05:32:071   0   3
   93.60    7.48        15:05:32:271   0   3
   93.80    7.47        15:05:32:471   0   3
   94.00    7.47        15:05:32:671   0   3
   94.20    7.47        15:05:32:871   0   3
   94.40    7.46        15:05:33:071   0   3
   94.60    7.44        15:05:33:271   0   2
   94.80    7.43        15:05:33:471   0   2
   95.00    7.43        15:05:33:671   0   2
   95.20    7.44        15:05:33:871   0   2
   95.40    7.46        15:05:34:071   0   2
   95.60    7.49        15:05:34:271   0   2
   95.80    7.55        15:05:34:471   0   2
   96.00    7.66        15:05:34:671   0   2
   96.20    7.77        15:05:34:871   0   2
   96.40    7.86        15:05:35:071   0   2
   96.60    7.93        15:05:35:271   0   2
   96.80    7.97        15:05:35:471   0   2
   97.00    8.00        15:05:35:671   0   2
   97.20    8.13        15:05:35:871   0   2
   97.40    8.37        15:05:36:071   0   2
   97.60    8.59        15:05:36:271   0   2
   97.80    8.72        15:05:36:471   0   2
   98.00    8.81        15:05:36:671   0   2
   98.20    8.86        15:05:36:871   0   2
   98.40    8.84        15:05:37:071   0   2
   98.60    8.73        15:05:37:271   0   2
   98.80    8.61        15:05:37:471   0   2
   99.00    8.51        15:05:37:671   0   2
   99.20    8.43        15:05:37:871   1   2
   99.40    8.36        15:05:38:071   1   2
   99.60    8.28        15:05:38:271   1   2
   99.80    8.23        15:05:38:471   1   2
  100.00    8.19        15:05:38:671   1   2
  100.20    8.16        15:05:38:871   1   2
  100.40    8.12        15:05:39:071   1   2
  100.60    8.10        15:05:39:271   1   2
  100.80    8.08        15:05:39:471   1   2
  101.00    8.07        15:05:39:671   1   2
  101.20    8.05        15:05:39:871   1   2
  101.40    8.03        15:05:40:071   1   2
  101.60    8.01        15:05:40:271   1   2
  101.80    8.01        15:05:40:471   1   3
  102.00    7.99        15:05:40:671   1   3
  102.20    7.97        15:05:40:871   1   3
  102.40    7.97        15:05:41:071   1   3
  102.60    7.98        15:05:41:271   1   3
  102.80    7.99        15:05:41:471   1   3
  103.00    7.99        15:05:41:671   1   3
  103.20    7.99        15:05:41:871   1   3
  103.40    7.99        15:05:42:071   1   3
  103.60    7.97        15:05:42:271   0   3
  103.80    7.96        15:05:42:471   0   3
  104.00    7.96        15:05:42:671   0   3
  104.20    7.96        15:05:42:871   0   3
  104.40    7.96        15:05:43:071   0   3
  104.60    7.96        15:05:43:271   0   3
  104.80    7.96        15:05:43:471   0   2
  105.00    7.95        15:05:43:671   0   2
  105.20    7.95        15:05:43:871   0   2
  105.40    7.97        15:05:44:071   0   2
  105.60    7.97        15:05:44:271   0   2
  105.80    7.96        15:05:44:471   0   2
  106.00    7.95        15:05:44:671   0   2
  106.20    7.94        15:05:44:871   0   2
  106.40    7.92        15:05:45:071   0   2
  106.60    7.89        15:05:45:271   0   2
  106.80    7.88        15:05:45:471   0   2
  107.00    7.86        15:05:45:671   0   2
  107.20    7.84        15:05:45:871   0   2
  107.40    7.83        15:05:46:071   0   2
  107.60    7.84        15:05:46:271   0   2
  107.80    7.84        15:05:46:471   0   2
  108.00    7.83        15:05:46:671   0   2
  108.20    7.83        15:05:46:871   0   2
  108.40    7.82        15:05:47:071   0   2
  108.60    7.81        15:05:47:271   0   2
  108.80    7.79        15:05:47:471   0   2
  109.00    7.77        15:05:47:671   0   2
  109.20    7.76        15:05:47:871   0   2
  109.40    7.75        15:05:48:071   0   2
  109.60    7.73        15:05:48:271   0   2
  109.80    7.72        15:05:48:471   0   2
  110.00    7.71        15:05:48:671   0   2
  110.20    7.69        15:05:48:871   0   2
  110.40    7.68        15:05:49:071   0   2
  110.60    7.67        15:05:49:271   0   2
  110.80    7.66        15:05:49:471   0   2
  111.00    7.65        15:05:49:671   0   2
  111.20    7.63        15:05:49:871   0   2
  111.40    7.63        15:05:50:071   0   2
  111.60    7.63        15:05:50:271   0   2
  111.80    7.64        15:05:50:471   0   2
  112.00    7.68        15:05:50:671   0   2
  112.20    7.72        15:05:50:871   0   2
  112.40    7.75        15:05:51:071   0   2
  112.60    7.76        15:05:51:271   0   2
  112.80    7.76        15:05:51:471   0   2
  113.00    7.76        15:05:51:671   0   2
  113.20    7.80        15:05:51:871   0   2
  113.40    7.98        15:05:52:071   0   2
  113.60    8.30        15:05:52:271   0   2
  113.80    8.67        15:05:52:471   0   2
  114.00    8.97        15:05:52:671   0   2
  114.20    9.16        15:05:52:871   0   2
  114.40    9.28        15:05:53:071   0   2
  114.60    9.32        15:05:53:271   0   2
  114.80    9.28        15:05:53:471   0   2
  115.00    9.19        15:05:53:671   0   2
  115.20    9.05        15:05:53:871   0   2
  115.40    8.94        15:05:54:071   0   2
  115.60    8.85        15:05:54:271   0   2
  115.80    8.76        15:05:54:471   1   2
  116.00    8.69        15:05:54:671   1   2
  116.20    8.66        15:05:54:871   1   2
  116.40    8.64        15:05:55:071   1   2
  116.60    8.63        15:05:55:271   1   2
  116.80    8.61        15:05:55:471   1   2
  117.00    8.61        15:05:55:671   1   2
  117.20    8.61        15:05:55:871   1   2
  117.40    8.60        15:05:56:071   1   2
  117.60    8.57        15:05:56:271   1   2
  117.80    8.55        15:05:56:471   1   2
  118.00    8.52        15:05:56:671   1   2
  118.20    8.49        15:05:56:871   1   3
  118.40    8.47        15:05:57:071   1   3
  118.60    8.45        15:05:57:271   1   3
  118.80    8.43        15:05:57:471   1   3
  119.00    8.41        15:05:57:671   1   3
  119.20    8.40        15:05:57:871   1   3
  119.40    8.39        15:05:58:071   1   3
  119.60    8.37        15:05:58:271   1   3
  119.80    8.36        15:05:58:471   1   3
  120.00    8.35        15:05:58:671   1   3
  120.20    8.34        15:05:58:871   1   3
  120.40    8.33        15:05:59:071   1   3
  120.60    8.31        15:05:59:271   1   3
  120.80    8.30        15:05:59:471   1   3
  121.00    8.29        15:05:59:671   1   3
  121.20    8.29        15:05:59:871   1   3
  121.40    8.28        15:06:00:071   1   3
  121.60    8.27        15:06:00:271   1   3
  121.80    8.26        15:06:00:471   1   3
  122.00    8.25        15:06:00:671   1   3
  122.20    8.25        15:06:00:871   1   3
  122.40    8.24        15:06:01:071   1   3
  122.60    8.24        15:06:01:271   0   3
  122.80    8.27        15:06:01:471   0   3
  123.00    8.32        15:06:01:671   0   3
  123.20    8.37        15:06:01:871   0   3
  123.40    8.42        15:06:02:071   0   3
  123.60    8.46        15:06:02:271   0   3
  123.80    8.50        15:06:02:471   0   3
  124.00    8.54        15:06:02:671   0   3
  124.20    8.53        15:06:02:871   0   3
  124.40    8.52        15:06:03:071   0   3
  124.60    8.50        15:06:03:271   0   2
  124.80    8.49        15:06:03:471   0   2
  125.00    8.46        15:06:03:671   0   2
  125.20    8.43        15:06:03:871   0   2
  125.40    8.42        15:06:04:071   0   2
  125.60    8.41        15:06:04:271   0   2
  125.80    8.39        15:06:04:471   0   2
  126.00    8.37        15:06:04:671   0   2
  126.20    8.36        15:06:04:871   0   2
  126.40    8.35        15:06:05:071   0   2
  126.60    8.34        15:06:05:271   0   2
  126.80    8.32        15:06:05:471   1   2
  127.00    8.30        15:06:05:671   1   2
  127.20    8.29        15:06:05:871   1   2
  127.40    8.29        15:06:06:071   1   2
  127.60    8.27        15:06:06:271   1   3
  127.80    8.26        15:06:06:471   1   3
  128.00    8.25        15:06:06:671   1   3
  128.20    8.25        15:06:06:871   1   3
  128.40    8.25        15:06:07:071   1   3
  128.60    8.26        15:06:07:271   0   3
  128.80    8.30        15:06:07:471   0   3
  129.00    8.42        15:06:07:671   0   3
  129.20    8.56        15:06:07:871   0   3
  129.40    8.70        15:06:08:071   0   3
  129.60    8.80        15:06:08:271   0   3
  129.80    8.85        15:06:08:471   0   3
  130.00    8.84        15:06:08:671   0   3
  130.20    8.80        15:06:08:871   0   3
  130.40    8.75        15:06:09:071   0   3
  130.60    8.70        15:06:09:271   0   3
  130.80    8.65        15:06:09:471   0   3
  131.00    8.61        15:06:09:671   0   3
  131.20    8.60        15:06:09:871   0   3
  131.40    8.58        15:06:10:071   0   3
  131.60    8.55        15:06:10:271   0   3
  131.80    8.52        15:06:10:471   0   3
  132.00    8.50        15:06:10:671   0   3
  132.20    8.47        15:06:10:871   0   3
  132.40    8.44        15:06:11:071   0   3
  132.60    8.41        15:06:11:271   1   3
  132.80    8.40        15:06:11:471   1   3
  133.00    8.37        15:06:11:671   1   3
  133.20    8.35        15:06:11:871   1   3
  133.40    8.34        15:06:12:071   1   4
  133.60    8.33        15:06:12:271   1   4
  133.80    8.31        15:06:12:471   1   4
  134.00    8.31        15:06:12:671   1   4
  134.20    8.31        15:06:12:871   1   4
  134.40    8.30        15:06:13:071   1   4
  134.60    8.28        15:06:13:271   0   4
  134.80    8.28        15:06:13:471   0   4
  135.00    8.27        15:06:13:671   0   4
  135.20    8.25        15:06:13:871   0   4
  135.40    8.23        15:06:14:071   0   4
  135.60    8.22        15:06:14:271   0   4
  135.80    8.21        15:06:14:471   0   4
  136.00    8.19        15:06:14:671   0   4
  136.20    8.18        15:06:14:871   0   4
  136.40    8.17        15:06:15:071   0   4
  136.60    8.16        15:06:15:271   0   4
  136.80    8.14        15:06:15:471   0   4
  137.00    8.13        15:06:15:671   0   4
  137.20    8.13        15:06:15:871   0   4
  137.40    8.13        15:06:16:071   0   4
  137.60    8.13        15:06:16:271   0   4
  137.80    8.14        15:06:16:471   0   4
  138.00    8.16        15:06:16:671   0   4
  138.20    8.17        15:06:16:871   0   4
  138.40    8.16        15:06:17:071   0   4
  138.60    8.16        15:06:17:271   0   4
  138.80    8.16        15:06:17:471   0   4
  139.00    8.15        15:06:17:671   0   4
  139.20    8.14        15:06:17:871   0   4
  139.40    8.13        15:06:18:071   0   4
  139.60    8.13        15:06:18:271   0   4
  139.80    8.13        15:06:18:471   0   4
  140.00    8.11        15:06:18:671   0   4
  140.20    8.10        15:06:18:871   0   4
  140.40    8.10        15:06:19:071   0   4
  140.60    8.10        15:06:19:271   0   4
  140.80    8.09        15:06:19:471   0   4
  141.00    8.08        15:06:19:671   0   4
  141.20    8.07        15:06:19:871   0   4
  141.40    8.07        15:06:20:071   0   4
  141.60    8.05        15:06:20:271   0   4
  141.80    8.03        15:06:20:471   0   4
  142.00    8.03        15:06:20:671   0   4
  142.20    8.02        15:06:20:871   0   4
  142.40    8.00        15:06:21:071   0   4
  142.60    8.00        15:06:21:271   0   4
  142.80    8.00        15:06:21:471   0   4
  143.00    8.00        15:06:21:671   0   4
  143.20    8.00        15:06:21:871   0   4
  143.40    8.01        15:06:22:071   0   4
  143.60    8.02        15:06:22:271   0   4
  143.80    8.02        15:06:22:471   0   4
  144.00    8.01        15:06:22:671   0   4
  144.20    8.00        15:06:22:871   0   4
  144.40    8.00        15:06:23:071   0   4
  144.60    8.00        15:06:23:271   0   4
  144.80    8.00        15:06:23:471   0   4
  145.00    8.01        15:06:23:671   0   4
  145.20    8.02        15:06:23:871   0   4
  145.40    8.02        15:06:24:071   0   4
  145.60    8.02        15:06:24:271   0   4
  145.80    8.02        15:06:24:471   0   4
  146.00    8.04        15:06:24:671   0   4
  146.20    8.04        15:06:24:871   0   4
  146.40    8.03        15:06:25:071   0   4
  146.60    8.02        15:06:25:271   0   4
  146.80    8.01        15:06:25:471   0   4
  147.00    7.99        15:06:25:671   0   4
  147.20    7.99        15:06:25:871   0   4
  147.40    8.05        15:06:26:071   0   4
  147.60    8.20        15:06:26:271   0   4
  147.80    8.42        15:06:26:471   0   4
  148.00    8.63        15:06:26:671   0   4
  148.20    8.77        15:06:26:871   0   4
  148.40    8.82        15:06:27:071   0   4
  148.60    8.81        15:06:27:271   0   4
  148.80    8.77        15:06:27:471   0   4
  149.00    8.72        15:06:27:671   0   4
  149.20    8.64        15:06:27:871   0   4
  149.40    8.59        15:06:28:071   0   4
  149.60    8.55        15:06:28:271   0   4
  149.80    8.51        15:06:28:471   0   4
  150.00    8.45        15:06:28:671   0   4
  150.20    8.42        15:06:28:871   0   4
  150.40    8.39        15:06:29:071   0   4
  150.60    8.38        15:06:29:271   0   4
  150.80    8.35        15:06:29:471   0   4
  151.00    8.33        15:06:29:671   0   4
  151.20    8.33        15:06:29:871   1   4
  151.40    8.32        15:06:30:071   1   4
  151.60    8.30        15:06:30:271   1   4
  151.80    8.28        15:06:30:471   1   4
  152.00    8.28        15:06:30:671   1   5
  152.20    8.25        15:06:30:871   1   5
  152.40    8.24        15:06:31:071   1   5
  152.60    8.24        15:06:31:271   1   5
  152.80    8.24        15:06:31:471   1   5
  153.00    8.22        15:06:31:671   1   5
  153.20    8.20        15:06:31:871   1   5
  153.40    8.19        15:06:32:071   1   5
  153.60    8.18        15:06:32:271   0   5
  153.80    8.16        15:06:32:471   0   5
  154.00    8.16        15:06:32:671   0   5
  154.20    8.16        15:06:32:871   0   5
  154.40    8.15        15:06:33:071   0   5
  154.60    8.13        15:06:33:271   0   5
  154.80    8.11        15:06:33:471   0   5
  155.00    8.11        15:06:33:671   0   5
  155.20    8.09        15:06:33:871   0   5
  155.40    8.08        15:06:34:071   0   5
  155.60    8.10        15:06:34:271   0   5
  155.80    8.14        15:06:34:471   0   5
  156.00    8.18        15:06:34:671   0   5
  156.20    8.25        15:06:34:871   0   5
  156.40    8.31        15:06:35:071   0   5
  156.60    8.33        15:06:35:271   0   5
  156.80    8.32        15:06:35:471   0   5
  157.00    8.31        15:06:35:671   0   5
  157.20    8.29        15:06:35:871   0   5
  157.40    8.25        15:06:36:071   0   5
  157.60    8.23        15:06:36:271   0   5
  157.80    8.20        15:06:36:471   0   5
  158.00    8.18        15:06:36:671   0   5
  158.20    8.15        15:06:36:871   0   5
  158.40    8.14        15:06:37:071   0   5
  158.60    8.12        15:06:37:271   0   5
  158.80    8.11        15:06:37:471   0   5
  159.00    8.09        15:06:37:671   0   5
  159.20    8.08        15:06:37:871   0   5
  159.40    8.09        15:06:38:071   0   5
  159.60    8.09        15:06:38:271   1   5
  159.80    8.10        15:06:38:471   1   5
  160.00    8.11        15:06:38:671   1   5
  160.20    8.13        15:06:38:871   1   6
  160.40    8.12        15:06:39:071   1   6
  160.60    8.11        15:06:39:271   1   6
  160.80    8.10        15:06:39:471   1   6
  161.00    8.10        15:06:39:671   1   6
  161.20    8.09        15:06:39:871   1   6
  161.40    8.08        15:06:40:071   1   6
  161.60    8.09        15:06:40:271   0   6
  161.80    8.08        15:06:40:471   0   6
  162.00    8.06        15:06:40:671   0   5
  162.20    8.05        15:06:40:871   0   5
  162.40    8.05        15:06:41:071   0   5
  162.60    8.03        15:06:41:271   0   5
  162.80    8.02        15:06:41:471   0   5
  163.00    8.00        15:06:41:671   0   5
  163.20    8.00        15:06:41:871   0   5
  163.40    8.02        15:06:42:071   0   5
  163.60    8.12        15:06:42:271   0   5
  163.80    8.31        15:06:42:471   0   5
  164.00    8.52        15:06:42:671   0   5
  164.20    8.71        15:06:42:871   0   5
  164.40    8.83        15:06:43:071   0   5
  164.60    8.88        15:06:43:271   0   5
  164.80    8.91        15:06:43:471   0   5
  165.00    8.94        15:06:43:671   0   5
  165.20    8.97        15:06:43:871   0   5
  165.40    8.95        15:06:44:071   0   5
  165.60    8.94        15:06:44:271   0   5
  165.80    8.91        15:06:44:471   0   5
  166.00    8.84        15:06:44:671   0   5
  166.20    8.77        15:06:44:871   0   5
  166.40    8.71        15:06:45:071   0   5
  166.60    8.67        15:06:45:271   0   5
  166.80    8.62        15:06:45:471   0   5
  167.00    8.59        15:06:45:671   0   5
  167.20    8.57        15:06:45:871   0   5
  167.40    8.56        15:06:46:071   1   5
  167.60    8.54        15:06:46:271   1   5
  167.80    8.53        15:06:46:471   1   5
  168.00    8.53        15:06:46:671   1   5
  168.20    8.53        15:06:46:871   1   5
  168.40    8.52        15:06:47:071   1   5
  168.60    8.53        15:06:47:271   1   5
  168.80    8.57        15:06:47:471   1   6
  169.00    8.61        15:06:47:671   1   6
  169.20    8.64        15:06:47:871   1   6
  169.40    8.65        15:06:48:071   1   6
  169.60    8.64        15:06:48:271   1   6
  169.80    8.63        15:06:48:471   1   6
  170.00    8.62        15:06:48:671   1   6
  170.20    8.64        15:06:48:871   1   6
  170.40    8.69        15:06:49:071   1   6
  170.60    8.74        15:06:49:271   1   6
  170.80    8.77        15:06:49:471   1   6
  171.00    8.79        15:06:49:671   1   6
  171.20    8.79        15:06:49:871   1   6
  171.40    8.75        15:06:50:071   1   6
  171.60    8.72        15:06:50:271   1   6
  171.80    8.69        15:06:50:471   1   6
  172.00    8.66        15:06:50:671   1   6
  172.20    8.64        15:06:50:871   1   6
  172.40    8.62        15:06:51:071   1   6
  172.60    8.59        15:06:51:271   1   6
  172.80    8.58        15:06:51:471   1   6
  173.00    8.57        15:06:51:671   1   6
  173.20    8.56        15:06:51:871   1   6
  173.40    8.54        15:06:52:071   1   6
  173.60    8.52        15:06:52:271   1   6
  173.80    8.52        15:06:52:471   1   6
  174.00    8.52        15:06:52:671   1   6
  174.20    8.52        15:06:52:871   1   6
  174.40    8.51        15:06:53:071   1   6
  174.60    8.50        15:06:53:271   0   6
  174.80    8.50        15:06:53:471   0   6
  175.00    8.50        15:06:53:671   0   6
  175.20    8.48        15:06:53:871   0   6
  175.40    8.47        15:06:54:071   0   6
  175.60    8.46        15:06:54:271   0   6
  175.80    8.45        15:06:54:471   0   6
  176.00    8.45        15:06:54:671   0   6
  176.20    8.43        15:06:54:871   0   6
  176.40    8.43        15:06:55:071   0   6
  176.60    8.42        15:06:55:271   0   6
  176.80    8.42        15:06:55:471   0   6
  177.00    8.40        15:06:55:671   0   6
  177.20    8.40        15:06:55:871   0   6
  177.40    8.39        15:06:56:071   0   6
  177.60    8.39        15:06:56:271   0   6
  177.80    8.37        15:06:56:471   0   6
  178.00    8.36        15:06:56:671   0   6
  178.20    8.36        15:06:56:871   0   6
  178.40    8.36        15:06:57:071   0   5
  178.60    8.33        15:06:57:271   0   5
  178.80    8.32        15:06:57:471   0   5
  179.00    8.32        15:06:57:671   0   5
  179.20    8.31        15:06:57:871   0   5
  179.40    8.31        15:06:58:071   0   5
  179.60    8.29        15:06:58:271   0   5
  179.80    8.29        15:06:58:471   0   5
  180.00    8.29        15:06:58:671   0   5
  180.20    8.28        15:06:58:871   0   5
  180.40    8.27        15:06:59:071   0   5
  180.60    8.27        15:06:59:271   0   5
  180.80    8.26        15:06:59:471   0   5
  181.00    8.26        15:06:59:671   0   5
  181.20    8.24        15:06:59:871   0   5
  181.40    8.23        15:07:00:071   0   5
  181.60    8.23        15:07:00:271   0   5
  181.80    8.21        15:07:00:471   0   5
  182.00    8.21        15:07:00:671   0   5
  182.20    8.20        15:07:00:871   0   5
  182.40    8.19        15:07:01:071   0   5
  182.60    8.19        15:07:01:271   0   5
  182.80    8.17        15:07:01:471   0   5
  183.00    8.17        15:07:01:671   0   5
  183.20    8.16        15:07:01:871   0   5
  183.40    8.17        15:07:02:071   0   5
  183.60    8.17        15:07:02:271   0   5
  183.80    8.17        15:07:02:471   0   5
  184.00    8.20        15:07:02:671   0   5
  184.20    8.20        15:07:02:871   0   5
  184.40    8.32        15:07:03:071   0   5
  184.60    8.32        15:07:03:271   0   5
  184.80    8.47        15:07:03:471   0   5
  185.00    9.10        15:07:03:671   0   5
  185.20    9.10        15:07:03:871   0   5
  185.40    9.48        15:07:04:071   0   5
  185.60    9.76        15:07:04:271   0   5
  185.80    9.94        15:07:04:471   0   5
  186.00   10.04        15:07:04:671   0   5
  186.20   10.04        15:07:04:871   0   5
  186.40    9.97        15:07:05:071   0   5
  186.60    9.76        15:07:05:271   0   5
  186.80    9.76        15:07:05:471   0   5
  187.00    9.65        15:07:05:671   0   5
  187.20    9.57        15:07:05:871   0   5
  187.40    9.52        15:07:06:071   0   5
  187.60    9.53        15:07:06:271   0   5
  187.80    9.56        15:07:06:471   0   4
  188.00    9.58        15:07:06:671   0   4
  188.20    9.57        15:07:06:871   1   4
  188.40    9.53        15:07:07:071   1   4
  188.60    9.49        15:07:07:271   1   4
  188.80    9.43        15:07:07:471   1   4
  189.00    9.38        15:07:07:671   1   4
  189.20    9.33        15:07:07:871   1   4
  189.40    9.29        15:07:08:071   1   4
  189.60    9.24        15:07:08:271   1   4
  189.80    9.23        15:07:08:471   1   5
  190.00    9.27        15:07:08:671   1   5
  190.20    9.35        15:07:08:871   1   5
  190.40    9.44        15:07:09:071   1   5
  190.60    9.49        15:07:09:271   1   5
  190.80    9.48        15:07:09:471   1   5
  191.00    9.45        15:07:09:671   1   5
  191.20    9.39        15:07:09:871   1   5
  191.40    9.34        15:07:10:071   1   5
  191.60    9.27        15:07:10:271   1   5
  191.80    9.23        15:07:10:471   1   5
  192.00    9.19        15:07:10:671   1   5
  192.20    9.17        15:07:10:871   1   5
  192.40    9.14        15:07:11:071   1   5
  192.60    9.12        15:07:11:271   1   5
  192.80    9.08        15:07:11:471   1   5
  193.00    9.04        15:07:11:671   1   5
  193.20    9.01        15:07:11:871   1   5
  193.40    8.99        15:07:12:071   1   5
  193.60    8.97        15:07:12:271   1   4
  193.80    8.95        15:07:12:471   1   4
  194.00    8.92        15:07:12:671   1   4
  194.20    8.90        15:07:12:871   1   4
  194.40    8.89        15:07:13:071   1   4
  194.60    8.88        15:07:13:271   0   4
  194.80    8.86        15:07:13:471   0   4
  195.00    8.84        15:07:13:671   0   4
  195.20    8.82        15:07:13:871   0   4
  195.40    8.82        15:07:14:071   0   4
  195.60    8.81        15:07:14:271   0   4
  195.80    8.80        15:07:14:471   0   4
  196.00    8.77        15:07:14:671   0   4
  196.20    8.76        15:07:14:871   0   4
  196.40    8.75        15:07:15:071   0   4
  196.60    8.74        15:07:15:271   0   4
  196.80    8.74        15:07:15:471   0   4
  197.00    8.72        15:07:15:671   0   4
  197.20    8.70        15:07:15:871   0   4
  197.40    8.69        15:07:16:071   0   4
  197.60    8.69        15:07:16:271   0   4
  197.80    8.70        15:07:16:471   0   4
  198.00    8.70        15:07:16:671   0   4
  198.20    8.69        15:07:16:871   0   4
  198.40    8.70        15:07:17:071   0   4
  198.60    8.70        15:07:17:271   0   4
  198.80    8.71        15:07:17:471   0   4
  199.00    8.74        15:07:17:671   0   4
  199.20    8.86        15:07:17:871   0   4
  199.40    9.09        15:07:18:071   0   4
  199.60    9.37        15:07:18:271   0   4
  199.80    9.61        15:07:18:471   0   4
  200.00    9.71        15:07:18:671   0   4
  200.20    9.75        15:07:18:871   0   4
  200.40    9.73        15:07:19:071   0   4
  200.60    9.69        15:07:19:271   0   4
  200.80    9.64        15:07:19:471   0   4
  201.00    9.55        15:07:19:671   0   4
  201.20    9.50        15:07:19:871   0   4
  201.40    9.45        15:07:20:071   0   4
  201.60    9.42        15:07:20:271   0   4
  201.80    9.38        15:07:20:471   0   4
  202.00    9.32        15:07:20:671   0   4
  202.20    9.28        15:07:20:871   0   4
  202.40    9.24        15:07:21:071   0   4
  202.60    9.21        15:07:21:271   0   4
  202.80    9.16        15:07:21:471   1   4
  203.00    9.11        15:07:21:671   1   4
  203.20    9.08        15:07:21:871   1   4
  203.40    9.05        15:07:22:071   1   4
  203.60    9.03        15:07:22:271   1   4
  203.80    8.99        15:07:22:471   1   5
  204.00    8.97        15:07:22:671   1   5
  204.20    8.95        15:07:22:871   1   5
  204.40    8.94        15:07:23:071   1   5
  204.60    8.91        15:07:23:271   1   5
  204.80    8.89        15:07:23:471   1   5
  205.00    8.88        15:07:23:671   1   5
  205.20    8.88        15:07:23:871   1   5
  205.40    8.85        15:07:24:071   1   5
  205.60    8.85        15:07:24:271   0   5
  205.80    8.84        15:07:24:471   0   5
  206.00    8.85        15:07:24:671   0   5
  206.20    8.82        15:07:24:871   0   5
  206.40    8.81        15:07:25:071   0   5
  206.60    8.80        15:07:25:271   0   5
  206.80    8.80        15:07:25:471   0   5
  207.00    8.77        15:07:25:671   0   5
  207.20    8.76        15:07:25:871   0   5
  207.40    8.75        15:07:26:071   0   5
  207.60    8.75        15:07:26:271   0   5
  207.80    8.72        15:07:26:471   0   5
  208.00    8.72        15:07:26:671   0   5
  208.20    8.72        15:07:26:871   0   5
  208.40    8.71        15:07:27:071   0   5
  208.60    8.69        15:07:27:271   0   5
  208.80    8.68        15:07:27:471   0   5
  209.00    8.67        15:07:27:671   0   5
  209.20    8.66        15:07:27:871   0   5
  209.40    8.66        15:07:28:071   0   5
  209.60    8.77        15:07:28:271   0   5
  209.80    9.02        15:07:28:471   0   5
  210.00    9.33        15:07:28:671   0   5
  210.20    9.65        15:07:28:871   0   5
  210.40    9.88        15:07:29:071   0   5
  210.60    9.96        15:07:29:271   0   5
  210.80    9.95        15:07:29:471   0   5
  211.00    9.89        15:07:29:671   0   5
  211.20    9.79        15:07:29:871   0   5
  211.40    9.64        15:07:30:071   0   5
  211.60    9.53        15:07:30:271   0   5
  211.80    9.46        15:07:30:471   0   5
  212.00    9.38        15:07:30:671   0   5
  212.20    9.31        15:07:30:871   0   4
  212.40    9.26        15:07:31:071   0   4
  212.60    9.22        15:07:31:271   0   4
  212.80    9.16        15:07:31:471   0   4
  213.00    9.13        15:07:31:671   0   4
  213.20    9.11        15:07:31:871   1   4
  213.40    9.07        15:07:32:071   1   4
  213.60    9.05        15:07:32:271   1   4
  213.80    9.03        15:07:32:471   1   4
  214.00    9.02        15:07:32:671   1   4
  214.20    8.99        15:07:32:871   1   5
  214.40    8.98        15:07:33:071   1   5
  214.60    8.97        15:07:33:271   1   5
  214.80    8.94        15:07:33:471   1   5
  215.00    8.92        15:07:33:671   1   5
  215.20    8.90        15:07:33:871   1   5
  215.40    8.90        15:07:34:071   1   5
  215.60    8.88        15:07:34:271   0   5
  215.80    8.88        15:07:34:471   0   5
  216.00    8.88        15:07:34:671   0   5
  216.20    8.88        15:07:34:871   0   5
  216.40    8.87        15:07:35:071   0   5
  216.60    8.86        15:07:35:271   0   5
  216.80    8.85        15:07:35:471   0   5
  217.00    8.83        15:07:35:671   0   5
  217.20    8.81        15:07:35:871   0   5
  217.40    8.84        15:07:36:071   0   5
  217.60    8.91        15:07:36:271   0   5
  217.80    9.04        15:07:36:471   0   5
  218.00    9.29        15:07:36:671   0   5
  218.20    9.62        15:07:36:871   0   5
  218.40    9.91        15:07:37:071   0   5
  218.60   10.14        15:07:37:271   0   5
  218.80   10.34        15:07:37:471   0   5
  219.00   10.50        15:07:37:671   0   5
  219.20   10.52        15:07:37:871   0   5
  219.40   10.54        15:07:38:071   0   5
  219.60   10.53        15:07:38:271   0   5
  219.80   10.43        15:07:38:471   0   5
  220.00   10.29        15:07:38:671   0   5
  220.20   10.13        15:07:38:871   0   5
  220.40   10.00        15:07:39:071   0   4
  220.60    9.86        15:07:39:271   0   4
  220.80    9.73        15:07:39:471   0   4
  221.00    9.65        15:07:39:671   0   4
  221.20    9.59        15:07:39:871   0   4
  221.40    9.52        15:07:40:071   1   4
  221.60    9.46        15:07:40:271   1   4
  221.80    9.42        15:07:40:471   1   4
  222.00    9.38        15:07:40:671   1   4
  222.20    9.34        15:07:40:871   1   4
  222.40    9.32        15:07:41:071   1   4
  222.60    9.29        15:07:41:271   1   4
  222.80    9.27        15:07:41:471   1   4
  223.00    9.25        15:07:41:671   1   5
  223.20    9.23        15:07:41:871   1   5
  223.40    9.21        15:07:42:071   1   5
  223.60    9.20        15:07:42:271   0   5
  223.80    9.18        15:07:42:471   0   5
  224.00    9.16        15:07:42:671   0   5
  224.20    9.16        15:07:42:871   0   5
  224.40    9.13        15:07:43:071   0   5
  224.60    9.11        15:07:43:271   0   5
  224.80    9.11        15:07:43:471   0   5
  225.00    9.10        15:07:43:671   0   5
  225.20    9.09        15:07:43:871   0   5
  225.40    9.07        15:07:44:071   0   5
  225.60    9.06        15:07:44:271   0   5
  225.80    9.06        15:07:44:471   0   5
  226.00    9.05        15:07:44:671   0   5
  226.20    9.04        15:07:44:871   0   5
  226.40    9.02        15:07:45:071   0   5
  226.60    9.02        15:07:45:271   0   5
  226.80    9.01        15:07:45:471   0   5
  227.00    8.99        15:07:45:671   0   5
  227.20    8.98        15:07:45:871   0   5
  227.40    8.98        15:07:46:071   0   5
  227.60    8.97        15:07:46:271   0   5
  227.80    8.95        15:07:46:471   0   5
  228.00    8.93        15:07:46:671   0   5
  228.20    8.93        15:07:46:871   0   5
  228.40    8.93        15:07:47:071   0   5
  228.60    8.91        15:07:47:271   0   5
  228.80    8.91        15:07:47:471   0   5
  229.00    8.90        15:07:47:671   0   4
  229.20    8.89        15:07:47:871   0   4
  229.40    8.89        15:07:48:071   0   4
  229.60    8.88        15:07:48:271   0   4
  229.80    8.87        15:07:48:471   0   4
  230.00    8.88        15:07:48:671   0   4
  230.20    8.93        15:07:48:871   0   4
  230.40    9.07        15:07:49:071   0   4
  230.60    9.28        15:07:49:271   0   4
  230.80    9.49        15:07:49:471   0   4
  231.00    9.64        15:07:49:671   0   4
  231.20    9.73        15:07:49:871   0   4
  231.40    9.77        15:07:50:071   0   4
  231.60    9.74        15:07:50:271   0   4
  231.80    9.65        15:07:50:471   0   4
  232.00    9.57        15:07:50:671   0   4
  232.20    9.50        15:07:50:871   0   4
  232.40    9.43        15:07:51:071   0   4
  232.60    9.36        15:07:51:271   0   4
  232.80    9.32        15:07:51:471   0   4
  233.00    9.29        15:07:51:671   0   4
  233.20    9.25        15:07:51:871   0   4
  233.40    9.21        15:07:52:071   0   4
  233.60    9.20        15:07:52:271   0   4
  233.80    9.18        15:07:52:471   1   4
  234.00    9.14        15:07:52:671   1   4
  234.20    9.12        15:07:52:871   1   4
  234.40    9.11        15:07:53:071   1   4
  234.60    9.09        15:07:53:271   1   4
  234.80    9.07        15:07:53:471   1   4
  235.00    9.04        15:07:53:671   1   5
  235.20    9.04        15:07:53:871   1   5
  235.40    9.05        15:07:54:071   1   5
  235.60    9.10        15:07:54:271   1   5
  235.80    9.19        15:07:54:471   1   5
  236.00    9.30        15:07:54:671   1   5
  236.20    9.38        15:07:54:871   1   5
  236.40    9.43        15:07:55:071   1   5
  236.60    9.45        15:07:55:271   0   5
  236.80    9.43        15:07:55:471   0   5
  237.00    9.38        15:07:55:671   0   5
  237.20    9.31        15:07:55:871   0   5
  237.40    9.26        15:07:56:071   0   5
  237.60    9.22        15:07:56:271   0   5
  237.80    9.18        15:07:56:471   0   5
  238.00    9.16        15:07:56:671   0   5
  238.20    9.16        15:07:56:871   0   5
  238.40    9.18        15:07:57:071   0   5
  238.60    9.17        15:07:57:271   0   5
  238.80    9.16        15:07:57:471   0   5
  239.00    9.14        15:07:57:671   0   5
  239.20    9.12        15:07:57:871   0   5
  239.40    9.09        15:07:58:071   1   5
  239.60    9.06        15:07:58:271   1   5
  239.80    9.04        15:07:58:471   1   5
  240.00    9.02        15:07:58:671   1   6
  240.20    9.00        15:07:58:871   1   6
  240.40    8.98        15:07:59:071   1   6
  240.60    8.98        15:07:59:271   0   6
  240.80    8.97        15:07:59:471   0   6
  241.00    8.96        15:07:59:671   0   6
  241.20    8.96        15:07:59:871   0   6
  241.40    8.96        15:08:00:071   0   6
  241.60    8.93        15:08:00:271   0   6
  241.80    8.92        15:08:00:471   0   6
  242.00    8.94        15:08:00:671   0   6
  242.20    8.98        15:08:00:871   0   6
  242.40    9.05        15:08:01:071   0   6
  242.60    9.15        15:08:01:271   0   6
  242.80    9.31        15:08:01:471   0   6
  243.00    9.57        15:08:01:671   0   6
  243.20    9.97        15:08:01:871   0   6
  243.40   10.41        15:08:02:071   0   6
  243.60   10.78        15:08:02:271   0   6
  243.80   11.00        15:08:02:471   0   6
  244.00   11.11        15:08:02:671   0   6
  244.20   11.12        15:08:02:871   0   6
  244.40   11.03        15:08:03:071   0   6
  244.60   10.89        15:08:03:271   0   6
  244.80   10.75        15:08:03:471   0   6
  245.00   10.65        15:08:03:671   0   6
  245.20   10.55        15:08:03:871   0   6
  245.40   10.45        15:08:04:071   0   6
  245.60   10.37        15:08:04:271   0   6
  245.80   10.29        15:08:04:471   0   6
  246.00   10.20        15:08:04:671   1   6
  246.20   10.12        15:08:04:871   1   6
  246.40   10.05        15:08:05:071   1   6
  246.60   10.01        15:08:05:271   1   6
  246.80    9.99        15:08:05:471   1   6
  247.00    9.98        15:08:05:671   1   6
  247.20    9.98        15:08:05:871   1   6
  247.40    9.96        15:08:06:071   1   6
  247.60    9.93        15:08:06:271   1   7
  247.80    9.89        15:08:06:471   1   7
  248.00    9.87        15:08:06:671   1   7
  248.20    9.84        15:08:06:871   1   7
  248.40    9.82        15:08:07:071   1   7
  248.60    9.79        15:08:07:271   1   7
  248.80    9.76        15:08:07:471   1   7
  249.00    9.74        15:08:07:671   1   7
  249.20    9.71        15:08:07:871   1   7
  249.40    9.70        15:08:08:071   1   7
  249.60    9.68        15:08:08:271   0   7
  249.80    9.68        15:08:08:471   0   7
  250.00    9.66        15:08:08:671   0   6
  250.20    9.64        15:08:08:871   0   6
  250.40    9.64        15:08:09:071   0   6
  250.60    9.63        15:08:09:271   0   6
  250.80    9.61        15:08:09:471   0   6
  251.00    9.59        15:08:09:671   0   6
  251.20    9.59        15:08:09:871   0   6
  251.40    9.59        15:08:10:071   0   6
  251.60    9.58        15:08:10:271   0   6
  251.80    9.60        15:08:10:471   0   6
  252.00    9.63        15:08:10:671   0   6
  252.20    9.65        15:08:10:871   0   6
  252.40    9.65        15:08:11:071   0   6
  252.60    9.65        15:08:11:271   0   6
  252.80    9.64        15:08:11:471   0   6
  253.00    9.62        15:08:11:671   0   6
  253.20    9.59        15:08:11:871   0   6
  253.40    9.57        15:08:12:071   0   6
  253.60    9.55        15:08:12:271   0   6
  253.80    9.53        15:08:12:471   0   6
  254.00    9.51        15:08:12:671   0   6
  254.20    9.50        15:08:12:871   0   6
  254.40    9.48        15:08:13:071   0   6
  254.60    9.46        15:08:13:271   0   6
  254.80    9.46        15:08:13:471   0   6
